image_width: 640
image_height: 480
camera_name: 'mono_cam'
camera_matrix:
  rows: 3
  cols: 3
  data: [
  	301.426537, 0.000000, 344.715294,
   	0.000000, 300.520719, 259.591165,
	0.000000, 0.000000, 1.000000
  ]

distortion_model: plumb_bob
distortion_coefficients:
  rows: 1
  cols: 5
  data: [-0.258528, 0.047211, 0.000833, -0.001301, 0.000000]
rectification_matrix:
  rows: 3
  cols: 3
  data: [ 1.,  0.,  0.,
          0.,  1.,  0.,
          0.,  0.,  1.]
projection_matrix:
  rows: 3
  cols: 4
  data: [208.610257, 0.000000, 343.245614, 0.000000,
	 0.000000, 231.764213, 274.853928, 0.000000,
	 0.000000, 0.000000, 1.000000, 0.000000]
