image_width: 640
image_height: 480
camera_name: 'mono_cam'
camera_matrix:
  rows: 3
  cols: 3
  data: [315.05818,   0.     , 337.53708,
           0.     , 314.6555 , 257.59269,
           0.     ,   0.     ,   1.     ]
distortion_model: plumb_bob
distortion_coefficients:
  rows: 1
  cols: 5
  data: [-0.268608, 0.047819, 0.002916, -0.000895, 0.000000]
rectification_matrix:
  rows: 3
  cols: 3
  data: [1., 0., 0.,
         0., 1., 0.,
         0., 0., 1.]
projection_matrix:
  rows: 3
  cols: 4
  data: [215.15893,   0.     , 336.60772,   0.     ,
           0.     , 245.16977, 274.3079 ,   0.     ,
           0.     ,   0.     ,   1.     ,   0.     ]
